20
04
00
05
20
85
00
04
30
a6
00
07
34
a7
00
07
38
a8
00
05
3c
09
00
0a
3c
01
10
01
00
20
08
21
ac
24
00
00
3c
01
10
01
00
20
08
21
8c
2a
00
00
10
8a
00
01
20
0b
00
0a
20
0b
00
05
14
85
00
01
20
0c
00
0a
20
0c
00
05
00
85
68
20
00
85
70
21
00
a4
78
22
00
85
80
23
00
85
88
24
00
85
90
25
00
85
98
26
00
85
a0
27
00
85
a8
2a
00
a4
b0
2b
00
05
b8
40
00
05
c0
42
00
05
c8
43
00
a4
d0
04
00
85
d8
06
00
85
e0
07
3c
01
00
40
34
21
00
9c
00
01
e8
20
03
a0
00
08
10
80
00
04
20
a5
00
01
20
01
00
01
00
81
20
22
08
10
00
26
